MJD Mag Magerr Filter
59460.306163 14.296 0.013 g
59454.241721 14.356 0.013 g
59452.322137 14.264 0.015 g
59526.180664 14.253 0.014 g
59450.266554 14.215 0.014 g
59489.225567 14.27 0.011 g
59531.181719 14.246 0.013 g
59427.315526 14.256 0.017 g
59478.302882 14.192 0.018 g
59434.27265 14.198 0.011 g
59529.113959 14.317 0.012 g
59542.114543 14.229 0.011 g
59468.209395 14.211 0.015 g
59502.22734 14.216 0.011 g
59473.375759 14.217 0.011 g
59522.136721 14.353 0.013 g
59476.243731 14.227 0.014 g
59524.132902 14.287 0.016 g
59470.251364 14.239 0.016 g
59540.119208 14.219 0.008 g
59484.198079 14.212 0.011 g
59458.281257 14.327 0.011 g
59464.259876 14.266 0.014 g
59466.324144 14.197 0.013 g
59441.295649 14.275 0.019 g
59504.216513 14.228 0.013 g
59462.306979 14.31 0.013 g
59487.224974 14.22 0.012 g
59439.351628 14.22 0.012 g
59855.26645 14.162 0.016 g
59757.323841 14.192 0.014 g
59723.433668 14.217 0.011 g
59904.13486 14.175 0.012 g
59725.449095 14.196 0.015 g
59793.286432 14.209 0.014 g
59714.464722 14.171 0.015 g
59867.146137 14.16 0.011 g
59872.182915 14.159 0.014 g
59870.145832 14.145 0.016 g
59844.244921 14.16 0.014 g
59673.47198 14.211 0.009 g
59851.194746 14.161 0.014 g
59817.291033 14.167 0.013 g
59807.266961 14.164 0.02 g
59841.194347 14.151 0.013 g
59711.429287 14.177 0.011 g
59809.342874 14.152 0.014 g
59813.304329 14.182 0.013 g
59823.316149 14.16 0.015 g
59682.410543 14.183 0.011 g
59735.452252 14.2 0.012 g
59821.177583 14.156 0.015 g
59763.409614 14.183 0.014 g
59924.152372 14.159 0.013 g
59731.417634 14.194 0.015 g
59841.141734 14.155 0.013 g
59733.446808 14.195 0.014 g
59768.398477 14.156 0.018 g
59757.366713 14.173 0.016 g
59874.185947 14.158 0.014 g
59811.294709 14.145 0.018 g
59883.162616 14.161 0.014 g
59687.447767 14.175 0.013 g
59748.391398 14.189 0.014 g
59768.425538 14.181 0.012 g
59827.289107 14.168 0.017 g
59750.328549 14.18 0.012 g
59690.452176 14.182 0.011 g
59738.417751 14.204 0.014 g
59847.156777 14.153 0.015 g
59727.451708 14.182 0.012 g
59795.321126 14.184 0.017 g
59825.308544 14.168 0.012 g
59857.26683 14.168 0.016 g
59742.447172 14.192 0.013 g
59784.378952 14.166 0.017 g
59865.198291 14.158 0.016 g
59800.368263 14.188 0.018 g
59702.469326 14.184 0.011 g
59684.481478 14.197 0.011 g
59700.464306 14.194 0.01 g
59819.180989 14.17 0.014 g
59805.407537 14.168 0.016 g
59759.426902 14.173 0.013 g
59902.1781 14.172 0.01 g
59881.1331 14.169 0.011 g
59782.302487 14.17 0.013 g
59853.155446 14.162 0.012 g
59752.422639 14.18 0.012 g
59838.161716 14.157 0.013 g
59798.322249 14.165 0.017 g
59698.452735 14.174 0.012 g
59861.183488 14.174 0.017 g
59770.433473 14.157 0.013 g
59877.200259 14.15 0.012 g
59859.178889 14.143 0.021 g
59765.404872 14.156 0.015 g
59755.408482 14.172 0.013 g
59802.314607 14.042 0.021 g
59740.400921 14.199 0.014 g
59670.491908 14.171 0.012 g
59400.391765 14.173 0.012 g
58712.353007 14.156 0.014 g
59346.470368 14.173 0.012 g
59325.455013 14.18 0.011 g
59188.137987 14.169 0.009 g
59018.37286 14.158 0.01 g
59046.3619 14.16 0.011 g
58206.480972 14.156 0.016 g
58723.360241 14.146 0.01 g
58558.48602 14.182 0.013 g
59385.413344 14.189 0.011 g
58428.15425 14.133 0.015 g
59054.282606 14.165 0.009 g
58833.12101 14.16 0.011 g
59062.435881 14.171 0.013 g
59014.366103 14.174 0.01 g
58301.325128 14.143 0.014 g
58704.327699 14.159 0.013 g
59117.241009 14.14 0.014 g
58698.332804 14.177 0.016 g
58715.285849 14.146 0.011 g
59322.443682 14.165 0.013 g
58230.492293 14.161 0.013 g
58289.415146 14.16 0.011 g
58425.13274 14.124 0.016 g
58998.427576 14.148 0.013 g
58963.405993 14.157 0.011 g
58374.255902 14.145 0.01 g
58645.426043 14.15 0.012 g
59349.40655 14.188 0.011 g
58727.368378 14.155 0.011 g
58685.386084 14.157 0.013 g
58246.469404 14.143 0.015 g
59078.218186 14.184 0.018 g
58716.357882 14.156 0.014 g
58430.140338 14.149 0.014 g
59182.132158 14.167 0.013 g
58805.092909 14.177 0.01 g
59404.395292 14.175 0.013 g
59194.103115 14.169 0.011 g
59402.345571 14.191 0.012 g
58237.484864 14.14 0.015 g
58313.363039 14.147 0.013 g
58701.361709 14.148 0.011 g
59171.136556 14.169 0.012 g
58980.452742 14.151 0.012 g
58292.439618 14.152 0.009 g
59082.282304 14.157 0.01 g
59342.472916 14.175 0.009 g
58732.36892 14.154 0.013 g
59382.424621 14.173 0.013 g
58608.451296 14.151 0.012 g
58726.285398 14.151 0.011 g
59059.396014 14.157 0.011 g
58985.444065 14.158 0.011 g
58724.362023 14.135 0.017 g
58206.52256 14.158 0.013 g
58944.48509 14.166 0.012 g
59043.344011 14.159 0.012 g
58472.139937 14.146 0.016 g
58581.488881 14.142 0.014 g
58323.42729 14.132 0.015 g
58736.360237 14.144 0.013 g
58739.131274 14.152 0.015 g
58237.401815 14.136 0.013 g
58435.161901 14.154 0.009 g
59066.314893 14.169 0.011 g
58369.282213 14.138 0.014 g
58975.470623 14.15 0.013 g
58641.423115 14.146 0.009 g
58716.306285 14.146 0.016 g
59004.466888 14.157 0.013 g
59052.337176 14.144 0.012 g
59116.229209 14.176 0.011 g
59376.385503 14.179 0.01 g
58682.47497 14.157 0.015 g
58372.261582 14.157 0.01 g
58681.228161 14.156 0.011 g
59064.224068 14.149 0.011 g
58725.283978 14.129 0.014 g
59049.334154 14.155 0.011 g
59119.214134 14.16 0.013 g
59329.471096 14.191 0.011 g
59369.379804 14.185 0.012 g
58303.407718 14.161 0.011 g
58586.46089 14.141 0.013 g
58236.496749 14.134 0.013 g
59131.197625 14.164 0.01 g
58352.345431 14.139 0.015 g
59120.253268 14.154 0.012 g
59036.243873 14.158 0.015 g
58661.457002 14.151 0.011 g
59068.208154 14.187 0.013 g
58707.393413 14.142 0.013 g
59050.385978 14.158 0.011 g
58997.40492 14.162 0.011 g
58734.367104 14.149 0.011 g
58700.32937 14.145 0.012 g
58600.498815 14.134 0.013 g
58386.17019 14.133 0.016 g
59087.326499 14.163 0.01 g
58383.230651 14.159 0.014 g
58680.45346 14.146 0.011 g
59060.342027 14.154 0.014 g
58367.281078 14.147 0.011 g
58658.481291 14.132 0.014 g
58706.381289 14.156 0.011 g
58719.286417 14.156 0.012 g
58718.306771 14.141 0.014 g
59337.428202 14.176 0.012 g
58727.360369 14.13 0.014 g
59062.436819 14.153 0.013 g
59154.283123 14.165 0.013 g
58702.370099 14.161 0.009 g
59016.367949 14.177 0.011 g
58668.307115 14.153 0.011 g
58708.249354 14.14 0.015 g
59353.409523 14.174 0.009 g
59020.397329 14.139 0.011 g
59030.390337 14.163 0.013 g
58320.426993 14.149 0.015 g
59387.36606 14.165 0.016 g
58705.392139 14.149 0.01 g
59022.370034 14.162 0.011 g
58718.360879 14.141 0.013 g
59069.350479 14.157 0.012 g
58710.201235 14.153 0.012 g
59114.228372 14.16 0.01 g
59068.218165 14.179 0.013 g
58617.456261 14.16 0.011 g
59125.230209 14.153 0.013 g
59308.472605 14.168 0.011 g
59184.150561 14.162 0.011 g
59040.265024 14.156 0.013 g
58700.370239 14.149 0.01 g
58210.510913 14.153 0.012 g
58426.172269 14.125 0.019 g
58994.454899 14.157 0.01 g
58724.370379 14.152 0.01 g
59044.344936 14.16 0.01 g
58606.480687 14.157 0.011 g
58706.251034 14.126 0.017 g
59344.469119 14.179 0.009 g
59080.39832 14.162 0.013 g
58667.426637 14.152 0.011 g
58336.296154 14.14 0.011 g
58963.446377 14.148 0.012 g
58365.283713 14.161 0.013 g
58711.349037 14.151 0.012 g
58666.46957 14.158 0.01 g
59412.3514 14.201 0.012 g
59424.271896 14.199 0.014 g
59071.248086 14.172 0.012 g
59319.452438 14.189 0.009 g
59032.476632 14.179 0.017 g
58699.332772 14.166 0.01 g
58736.368015 14.149 0.012 g
58211.50905 14.141 0.009 g
58377.261042 14.139 0.013 g
58837.114191 14.153 0.011 g
59178.117413 14.161 0.014 g
58811.078089 14.164 0.012 g
58321.405411 14.147 0.011 g
58794.145606 14.145 0.015 g
59145.196883 14.157 0.013 g
58704.370291 14.157 0.011 g
58285.460966 14.156 0.01 g
59052.336238 14.15 0.011 g
58277.446417 14.149 0.012 g
59169.102787 14.158 0.012 g
58829.095524 14.169 0.013 g
58691.330119 14.16 0.022 g
58364.236013 14.164 0.013 g
58707.247903 14.144 0.013 g
58662.434028 14.153 0.01 g
58705.384038 14.16 0.01 g
58722.368876 14.139 0.01 g
58653.397407 14.143 0.015 g
58699.3607 14.171 0.011 g
58593.501215 14.127 0.009 g
58389.154825 14.143 0.011 g
58205.510571 14.143 0.011 g
59037.259458 14.147 0.013 g
59013.243159 14.179 0.014 g
58646.409328 14.155 0.013 g
58433.150978 14.159 0.01 g
58726.360443 14.137 0.017 g
59116.280387 14.156 0.011 g
59065.251639 14.156 0.014 g
58768.250682 14.148 0.012 g
59034.248919 14.165 0.017 g
58811.103145 14.155 0.011 g
59072.238913 14.176 0.012 g
58725.369648 14.158 0.01 g
59156.121179 14.164 0.016 g
58955.474746 14.159 0.01 g
58791.144338 14.145 0.012 g
58728.190645 14.174 0.019 g
59173.132294 14.16 0.014 g
58670.424714 14.151 0.01 g
58235.494674 14.144 0.011 g
58730.28446 14.118 0.015 g
58725.361291 14.138 0.015 g
59118.197555 14.146 0.012 g
58279.450236 14.15 0.01 g
59117.237178 14.16 0.013 g
58717.28577 14.168 0.012 g
58382.228037 14.14 0.015 g
58319.38612 14.144 0.008 g
58761.258927 14.164 0.013 g
58705.247891 14.144 0.012 g
58972.477207 14.164 0.011 g
58733.282476 14.12 0.017 g
58350.344098 14.155 0.016 g
58650.463697 14.152 0.013 g
58690.293638 14.15 0.011 g
58986.407923 14.16 0.01 g
58361.21243 14.185 0.015 g
59408.372971 14.194 0.013 g
58722.285636 14.145 0.014 g
59152.244743 14.153 0.015 g
58732.282938 14.134 0.019 g
58771.117577 14.141 0.012 g
58697.365776 14.158 0.009 g
59362.413339 14.175 0.016 g
59024.395517 14.165 0.013 g
59060.390187 14.17 0.011 g
59204.110933 14.17 0.01 g
59048.37489 14.155 0.01 g
58674.434871 14.156 0.009 g
58325.413969 14.155 0.011 g
58737.366797 14.15 0.013 g
58635.462307 14.149 0.012 g
58644.427016 14.141 0.012 g
59202.159567 14.167 0.011 g
58652.480993 14.13 0.016 g
58736.291825 14.156 0.012 g
58701.369869 14.149 0.01 g
58362.235712 14.155 0.01 g
58975.494444 14.143 0.015 g
58375.289807 14.141 0.011 g
58628.444131 14.151 0.013 g
59341.473386 14.167 0.01 g
58991.43155 14.146 0.013 g
59010.481198 14.16 0.014 g
59034.480525 14.148 0.014 g
58727.308252 14.141 0.01 g
58700.362067 14.148 0.011 g
59339.434739 14.175 0.012 g
58724.308748 14.14 0.014 g
58400.130793 14.142 0.013 g
59080.222649 14.161 0.012 g
59397.305025 14.195 0.011 g
59084.331099 14.151 0.012 g
58987.442004 14.157 0.01 g
59062.371031 14.133 0.015 g
58639.421029 14.137 0.013 g
58368.259135 14.155 0.011 g
58699.368883 14.153 0.013 g
58373.261381 14.144 0.012 g
58469.112638 14.169 0.017 g
58587.495588 14.145 0.014 g
59359.32787 14.213 0.021 g
58797.144546 14.152 0.015 g
58706.38938 14.153 0.011 g
59158.161895 14.168 0.011 g
59115.243426 14.157 0.011 g
58693.327707 14.133 0.011 g
58311.36069 14.162 0.012 g
58371.274074 14.148 0.01 g
58702.331824 14.148 0.01 g
59394.375855 14.184 0.014 g
58290.439528 14.146 0.01 g
59210.133311 14.195 0.01 g
59042.312529 14.16 0.013 g
59046.362895 14.157 0.01 g
59028.387548 14.15 0.011 g
58703.332146 14.156 0.012 g
58244.453537 14.174 0.013 g
58708.390246 14.147 0.012 g
59364.410788 14.171 0.014 g
58709.383062 14.168 0.012 g
58235.431788 14.141 0.012 g
58735.282255 14.126 0.013 g
59019.355712 14.158 0.015 g
59016.367011 14.165 0.012 g
58720.369197 14.158 0.011 g
59002.454002 14.171 0.012 g
58247.492686 14.132 0.014 g
59418.348199 14.212 0.017 g
58384.272278 14.17 0.018 g
58976.483846 14.157 0.014 g
58737.359551 14.143 0.012 g
58436.146537 14.155 0.009 g
58981.489185 14.159 0.014 g
59072.417872 14.152 0.011 g
58735.367253 14.145 0.009 g
59310.46562 14.191 0.01 g
58632.448152 14.162 0.016 g
59120.2182 14.155 0.013 g
58994.456323 14.152 0.011 g
59066.32502 14.161 0.011 g
58276.391957 14.134 0.011 g
58717.356279 14.152 0.012 g
58370.249505 14.138 0.011 g
58719.360316 14.136 0.015 g
58765.250097 14.139 0.013 g
59371.393651 14.186 0.01 g
58302.438568 14.131 0.014 g
59392.30217 14.181 0.015 g
59070.361042 14.152 0.016 g
59038.271673 14.153 0.012 g
59086.310202 14.157 0.01 g
59180.137898 14.174 0.01 g
58669.449327 14.167 0.009 g
58366.27169 14.154 0.011 g
59348.449776 14.169 0.012 g
58642.432121 14.15 0.012 g
58695.329955 14.155 0.011 g
59022.370972 14.16 0.009 g
58714.201188 14.155 0.016 g
58702.361951 14.148 0.01 g
58713.352879 14.161 0.014 g
58718.369317 14.16 0.013 g
58734.359719 14.135 0.015 g
59300.504624 14.217 0.013 g
59081.333304 14.16 0.01 g
58722.360485 14.137 0.016 g
58376.235519 14.148 0.011 g
58697.373959 14.151 0.011 g
59406.37966 14.225 0.016 g
58390.154794 14.159 0.012 g
58429.163919 14.142 0.015 g
58665.46728 14.157 0.011 g
59012.326904 14.186 0.01 g
58672.342997 14.137 0.011 g
58208.524617 14.126 0.015 g
58684.288264 14.147 0.014 g
59004.467826 14.16 0.013 g
58679.339512 14.144 0.014 g
58701.332704 14.156 0.01 g
58318.405304 14.127 0.014 g
59374.392379 14.19 0.011 g
58254.442177 14.146 0.011 g
58730.361588 14.138 0.017 g
58637.455032 14.137 0.01 g
59367.431505 14.176 0.012 g
59410.374589 14.195 0.014 g
58720.305876 14.14 0.017 g
58349.372539 14.132 0.015 g
58709.391152 14.139 0.017 g
58696.331014 14.145 0.011 g
58655.301072 14.15 0.011 g
59025.324579 14.162 0.009 g
58985.443128 14.158 0.01 g
58788.110119 14.16 0.01 g
58991.430624 14.159 0.017 g
58732.361131 14.168 0.011 g
58733.36862 14.156 0.011 g
59084.330161 14.156 0.011 g
59056.419356 14.162 0.013 g
58723.368621 14.171 0.01 g
58345.314891 14.142 0.018 g
58291.439266 14.162 0.011 g
58707.385311 14.161 0.014 g
58703.370236 14.158 0.01 g
59121.175207 14.159 0.015 g
58715.356578 14.12 0.018 g
58704.362143 14.158 0.011 g
59086.28092 14.173 0.014 g
58737.304692 14.146 0.011 g
58633.446478 14.146 0.013 g
58482.113726 14.162 0.009 g
59076.302757 14.179 0.012 g
59119.271122 14.145 0.013 g
58963.465187 14.168 0.009 g
58431.122602 14.152 0.011 g
58304.431511 14.156 0.013 g
58326.449581 14.155 0.012 g
59150.16317 14.176 0.013 g
58322.432301 14.148 0.013 g
59335.446864 14.169 0.015 g
59139.184904 14.145 0.014 g
58966.451581 14.159 0.009 g
58730.369401 14.154 0.011 g
58781.120107 14.156 0.01 g
58231.4403 14.14 0.012 g
59026.384341 14.186 0.012 g
58726.368799 14.16 0.009 g
58348.353745 14.13 0.014 g
58387.174155 14.145 0.016 g
58663.458369 14.167 0.011 g
58778.125885 14.165 0.01 g
58745.209787 14.139 0.014 g
59167.177692 14.166 0.011 g
58709.249103 14.146 0.015 g
58719.368742 14.166 0.012 g
58234.464022 14.145 0.015 g
58673.357354 14.145 0.011 g
59143.183043 14.15 0.012 g
58710.35289 14.158 0.016 g
58236.426987 14.136 0.011 g
58634.450914 14.134 0.015 g
58293.42425 14.162 0.01 g
59378.374388 14.183 0.012 g
58797.158874 14.15 0.015 g
58711.200623 14.131 0.016 g
58723.308726 14.147 0.016 g
58974.48886 14.134 0.017 g
58640.451958 14.151 0.01 g
58207.462312 14.151 0.017 g
58379.320385 14.15 0.011 g
59055.397447 14.161 0.012 g
59415.435159 14.192 0.012 g
59137.217108 14.154 0.015 g
58363.197953 14.131 0.011 g
58708.382156 14.154 0.011 g
59067.394349 14.162 0.013 g
58211.485577 14.136 0.01 g
59053.398742 14.15 0.01 g
58734.283703 14.149 0.015 g
59116.292181 14.154 0.014 g
58733.360831 14.129 0.018 g
59077.343892 14.141 0.011 g
58996.432071 14.148 0.012 g
59040.265962 14.16 0.011 g
58600.367442 14.174 0.008 g
58703.362088 14.152 0.01 g
58278.413626 14.142 0.011 g
59344.470056 14.168 0.01 g
58432.152894 14.135 0.009 g
59086.308304 14.167 0.01 g
59072.371981 14.128 0.016 g
58992.485795 14.145 0.015 g
58734.247095 14.147 0.012 g
59070.357883 14.161 0.014 g
58387.249047 14.15 0.015 g
59073.373085 14.152 0.018 g
58383.265129 14.153 0.012 g
59088.298769 14.155 0.013 g
58363.351376 14.135 0.016 g
58679.336908 14.151 0.013 g
59067.391004 14.152 0.013 g
58811.079004 14.151 0.013 g
58811.078552 14.148 0.013 g
59072.371518 14.148 0.014 g
59062.371494 14.148 0.016 g
59070.358346 14.168 0.014 g
59081.333767 14.149 0.013 g
58242.492893 14.152 0.011 g
59088.298306 14.139 0.014 g
58684.39726 14.145 0.01 g
58684.397712 14.141 0.012 g
58431.080972 14.144 0.012 g
59066.325958 14.15 0.013 g
59060.314411 14.151 0.013 g
59086.308767 14.153 0.012 g
58992.485332 14.133 0.014 g
59081.334242 14.149 0.014 g
58734.246644 14.148 0.012 g
59073.372611 14.178 0.019 g
58382.231324 14.146 0.013 g
59067.390541 14.149 0.014 g
58379.204879 14.14 0.015 g
58567.475631 14.179 0.019 g
59069.350016 14.158 0.013 g
58242.492442 14.154 0.013 g
58336.274637 14.144 0.012 g
58336.274186 14.141 0.012 g
58797.159776 14.166 0.017 g
58344.377297 14.136 0.015 g
58374.295183 14.133 0.014 g
58797.159325 14.165 0.015 g
58772.226764 14.175 0.011 g
59069.349553 14.161 0.014 g
58772.227215 14.16 0.012 g
59062.369584 14.152 0.015 g
59070.362454 14.141 0.013 g
59060.32911 14.157 0.011 g
59072.41881 14.157 0.011 g
58567.49723 14.155 0.015 g
59067.394824 14.146 0.012 g
59066.353007 14.144 0.013 g
58315.437598 14.128 0.009 g
58344.374426 14.139 0.016 g
58333.40695 14.144 0.015 g
58315.437147 14.144 0.01 g
59069.351879 14.17 0.013 g
59073.379185 14.153 0.01 g
58374.292359 14.131 0.013 g
59055.399785 14.161 0.011 g
58377.253554 14.16 0.01 g
59067.395287 14.144 0.012 g
58336.270494 14.144 0.011 g
58363.35045 14.14 0.013 g
58333.407413 14.12 0.015 g
59050.41878 14.163 0.011 g
59072.418347 14.144 0.01 g
59081.332379 14.157 0.011 g
58324.397418 14.133 0.016 g
58336.270945 14.144 0.014 g
59069.352354 14.16 0.013 g
58350.288369 14.189 0.027 g
59070.36198 14.149 0.013 g
59081.331904 14.152 0.012 g
60205.266098 14.134 0.012 g
60193.248442 14.153 0.013 g
60235.179094 14.131 0.014 g
60179.351023 14.155 0.013 g
60089.436397 14.145 0.013 g
60174.323798 14.131 0.015 g
60051.481918 14.15 0.012 g
60141.326629 14.159 0.012 g
60233.205882 14.135 0.012 g
60239.16412 14.137 0.018 g
60087.454455 14.161 0.012 g
60152.355307 14.142 0.015 g
60054.452319 14.135 0.014 g
60187.163992 14.14 0.016 g
60125.367428 14.145 0.014 g
60214.243112 14.138 0.014 g
60133.348438 14.137 0.015 g
60222.204065 14.158 0.012 g
60081.365795 14.139 0.013 g
60072.424847 14.149 0.013 g
60044.483667 14.134 0.016 g
60111.414295 14.162 0.011 g
60181.327419 14.153 0.013 g
60245.137908 14.146 0.013 g
60201.220229 14.14 0.015 g
60237.221397 14.138 0.013 g
60224.195508 14.153 0.013 g
60058.477763 14.143 0.014 g
60203.269762 14.144 0.013 g
60083.436285 14.149 0.015 g
60242.165159 14.146 0.014 g
60139.431126 14.131 0.017 g
60212.2267 14.151 0.014 g
60231.183851 14.139 0.013 g
60150.307587 14.142 0.012 g
60183.408625 14.157 0.011 g
60114.434446 14.146 0.012 g
60216.217554 14.133 0.016 g
60085.384105 14.148 0.013 g
60117.420921 14.147 0.011 g
60121.419974 14.148 0.011 g
60042.489131 14.148 0.02 g
60076.420782 14.145 0.015 g
60078.391995 14.149 0.013 g
60123.385727 14.137 0.01 g
60092.348337 14.14 0.013 g
60049.460162 14.152 0.014 g
60185.185039 14.132 0.015 g
60162.362858 14.153 0.013 g
60101.448727 14.146 0.012 g
60098.456581 14.139 0.018 g
60127.430795 14.146 0.014 g
60029.502196 14.139 0.011 g
60056.45431 14.143 0.015 g
60016.49605 14.156 0.013 g
60195.331682 14.141 0.013 g
60156.330663 14.138 0.02 g
60172.268347 14.16 0.015 g
60160.303434 14.141 0.014 g
59439.364984 13.675 0.011 r
59468.327286 13.713 0.015 r
59447.240695 13.697 0.013 r
59450.320165 13.707 0.015 r
59436.373939 13.663 0.01 r
59509.248099 13.707 0.014 r
59458.232265 13.782 0.013 r
59427.356105 13.697 0.012 r
59487.244811 13.693 0.011 r
59522.182007 13.796 0.012 r
59454.309406 13.785 0.011 r
59462.245974 13.783 0.011 r
59444.262858 13.699 0.012 r
59460.32622 13.753 0.01 r
59542.153927 13.704 0.014 r
59464.302433 13.751 0.01 r
59484.223714 13.714 0.012 r
59473.269825 13.702 0.013 r
59470.26965 13.715 0.011 r
59476.302421 13.705 0.014 r
59529.163829 13.735 0.01 r
59526.142044 13.719 0.014 r
59497.207515 13.705 0.011 r
59434.349491 13.666 0.009 r
59489.188219 13.736 0.013 r
59478.231982 13.701 0.01 r
59504.159977 13.691 0.011 r
59452.262439 13.768 0.018 r
59524.095184 13.751 0.013 r
59531.119316 13.699 0.011 r
59429.378983 13.675 0.009 r
59466.345104 13.7 0.012 r
59520.228646 13.842 0.014 r
59540.13592 13.691 0.009 r
59502.198939 13.694 0.012 r
59480.196943 13.676 0.016 r
59853.248845 13.661 0.012 r
59935.131051 13.677 0.013 r
59881.20953 13.651 0.013 r
59711.467553 13.679 0.01 r
59624.540445 13.695 0.015 r
59772.436613 13.674 0.013 r
59800.414906 13.702 0.018 r
59823.278464 13.69 0.011 r
59702.431106 13.674 0.012 r
59759.347998 13.67 0.008 r
59763.349195 13.656 0.012 r
59624.543003 13.687 0.016 r
59708.464748 13.678 0.011 r
59630.534983 13.69 0.013 r
59819.253951 13.661 0.009 r
59731.431212 13.683 0.009 r
59765.377475 13.655 0.009 r
59867.177443 13.664 0.009 r
59721.423924 13.681 0.011 r
59908.154023 13.662 0.007 r
59621.543283 13.656 0.012 r
59798.34799 13.637 0.01 r
59809.271763 13.667 0.01 r
59623.551706 13.68 0.013 r
59625.543177 13.68 0.01 r
59811.353193 13.684 0.011 r
59898.249281 13.662 0.013 r
59817.222943 13.672 0.009 r
59815.289361 13.661 0.009 r
59630.54253 13.692 0.015 r
59624.548107 13.688 0.015 r
59744.384143 13.679 0.011 r
59624.550665 13.692 0.013 r
59870.176316 13.653 0.013 r
59700.430125 13.661 0.013 r
59628.545538 13.705 0.017 r
59676.486042 13.687 0.01 r
59883.121438 13.672 0.013 r
59863.250928 13.673 0.013 r
59723.449572 13.686 0.011 r
59625.548328 13.695 0.011 r
59628.54041 13.708 0.017 r
59847.178396 13.681 0.012 r
59906.14377 13.686 0.013 r
59629.549085 13.678 0.015 r
59813.251586 13.659 0.01 r
59821.257188 13.663 0.012 r
59629.543912 13.674 0.015 r
59857.194171 13.676 0.012 r
59621.545887 13.642 0.009 r
59687.412233 13.682 0.016 r
59774.330128 13.673 0.013 r
59623.54659 13.678 0.016 r
59872.133427 13.677 0.012 r
59727.403835 13.675 0.008 r
59714.406605 13.691 0.013 r
59718.426073 13.678 0.012 r
59755.365239 13.671 0.009 r
59673.494354 13.689 0.012 r
59733.438868 13.675 0.008 r
59790.282006 13.676 0.014 r
59874.14456 13.657 0.012 r
59740.355513 13.671 0.014 r
59788.292778 13.658 0.014 r
59684.425375 13.678 0.015 r
59786.366961 13.662 0.01 r
59913.13094 13.686 0.015 r
59859.227406 13.662 0.014 r
59742.387955 13.674 0.01 r
59625.545747 13.685 0.011 r
59678.47538 13.681 0.014 r
59879.13446 13.682 0.01 r
59630.545053 13.689 0.016 r
59772.351309 13.662 0.012 r
59865.131894 13.674 0.01 r
59623.549148 13.674 0.015 r
59625.550909 13.681 0.012 r
59829.180987 13.666 0.015 r
59628.542968 13.699 0.017 r
59628.537841 13.691 0.018 r
59630.537495 13.704 0.015 r
59628.548096 13.693 0.018 r
59855.282027 13.663 0.01 r
59621.540667 13.695 0.013 r
59782.395996 13.666 0.012 r
59784.327793 13.66 0.01 r
59750.37567 13.671 0.01 r
59738.434106 13.656 0.007 r
59629.538738 13.68 0.018 r
59851.156425 13.67 0.012 r
59825.340291 13.677 0.011 r
59844.283484 13.663 0.011 r
59622.550549 13.687 0.013 r
59721.453243 13.675 0.014 r
59748.343583 13.683 0.016 r
59910.115564 13.663 0.011 r
59629.541319 13.695 0.017 r
59621.54848 13.649 0.01 r
59623.544032 13.701 0.015 r
59621.551072 13.66 0.01 r
59735.409113 13.675 0.01 r
59725.427913 13.664 0.009 r
59774.387132 13.668 0.012 r
59807.313396 13.659 0.015 r
59670.469882 13.643 0.015 r
59624.545549 13.701 0.015 r
59690.475696 13.683 0.014 r
59630.540007 13.675 0.017 r
59827.316572 13.677 0.011 r
59877.161292 13.659 0.01 r
59623.541474 13.687 0.015 r
59629.546493 13.68 0.016 r
59708.350713 13.685 0.009 r
59718.444488 13.676 0.012 r
58289.445842 13.661 0.014 r
58244.490136 13.667 0.02 r
58313.388492 13.659 0.013 r
58293.482042 13.662 0.012 r
58244.491051 13.662 0.021 r
58246.444703 13.666 0.014 r
58218.510571 13.675 0.018 r
58294.466975 13.665 0.01 r
58249.455044 13.656 0.009 r
58247.462707 13.678 0.015 r
58244.490588 13.664 0.022 r
58229.454142 13.666 0.011 r
58292.467165 13.664 0.011 r
58290.382858 13.658 0.011 r
58280.365161 13.666 0.014 r
58277.401449 13.657 0.014 r
58303.372936 13.681 0.015 r
58254.464493 13.684 0.016 r
58312.418586 13.646 0.015 r
58279.407977 13.663 0.013 r
58291.481479 13.664 0.014 r
58198.527616 13.671 0.011 r
58198.513518 13.653 0.013 r
58304.364598 13.672 0.011 r
58217.511028 13.665 0.013 r
58301.390884 13.647 0.022 r
58249.470728 13.673 0.008 r
58278.445896 13.671 0.013 r
58302.373472 13.686 0.015 r
58218.493325 13.666 0.014 r
58217.487798 13.672 0.014 r
58356.198293 13.671 0.015 r
58336.344105 13.667 0.011 r
58325.277982 13.665 0.014 r
58351.366096 13.677 0.015 r
58350.36588 13.673 0.012 r
58378.257017 13.658 0.01 r
58322.392739 13.66 0.016 r
58357.209926 13.669 0.015 r
58353.21818 13.632 0.022 r
58327.35188 13.669 0.018 r
58321.353858 13.682 0.015 r
58357.309508 13.668 0.012 r
58375.191476 13.641 0.014 r
58323.472766 13.659 0.01 r
58365.2078 13.661 0.015 r
58326.38311 13.67 0.013 r
58353.339938 13.654 0.018 r
58328.34771 13.665 0.015 r
58358.272876 13.678 0.013 r
58366.327314 13.657 0.008 r
58364.188352 13.659 0.014 r
58377.283495 13.653 0.01 r
58372.307611 13.66 0.009 r
58368.282376 13.661 0.011 r
58349.322724 13.663 0.01 r
58362.187218 13.666 0.012 r
58361.258066 13.667 0.015 r
58379.234149 13.677 0.015 r
58317.427046 13.676 0.013 r
58359.299066 13.661 0.013 r
58356.277169 13.64 0.021 r
58370.280476 13.657 0.012 r
58367.327652 13.656 0.012 r
58363.256725 13.653 0.013 r
58354.361643 13.667 0.01 r
58373.28064 13.661 0.01 r
58369.194669 13.645 0.018 r
58371.302314 13.653 0.008 r
58352.281137 13.661 0.019 r
58360.27896 13.638 0.017 r
58319.35326 13.667 0.009 r
58345.330273 13.666 0.011 r
58354.276493 13.655 0.017 r
58355.282318 13.685 0.015 r
58653.434886 13.678 0.017 r
58593.442727 13.664 0.013 r
58582.442934 13.663 0.015 r
58644.465988 13.66 0.007 r
58647.318419 13.68 0.011 r
58650.342232 13.663 0.01 r
58639.409558 13.65 0.006 r
58431.162912 13.648 0.008 r
58433.10943 13.665 0.009 r
58634.424894 13.648 0.012 r
58435.090297 13.659 0.008 r
58432.125998 13.643 0.006 r
58430.092598 13.66 0.018 r
58637.425447 13.654 0.005 r
58423.122068 13.665 0.011 r
58575.461814 13.673 0.016 r
58384.212095 13.645 0.017 r
58607.387456 13.661 0.012 r
58632.477911 13.675 0.016 r
58389.23709 13.665 0.016 r
58605.447417 13.665 0.009 r
58385.211096 13.656 0.013 r
58646.481196 13.666 0.01 r
58591.47471 13.663 0.016 r
58652.425527 13.658 0.011 r
58638.481089 13.65 0.009 r
58390.18823 13.664 0.011 r
58474.140698 13.658 0.01 r
58636.408718 13.662 0.007 r
58387.131309 13.647 0.018 r
58651.427707 13.663 0.012 r
58654.400955 13.648 0.01 r
58645.480294 13.657 0.013 r
58425.110762 13.655 0.01 r
58649.3003 13.681 0.014 r
58616.425803 13.667 0.013 r
58386.230142 13.645 0.014 r
58400.153223 13.655 0.016 r
58635.411135 13.678 0.009 r
58382.169741 13.661 0.018 r
58428.10798 13.651 0.007 r
58597.452892 13.66 0.011 r
58617.486784 13.671 0.009 r
58643.463998 13.663 0.009 r
58640.479089 13.662 0.011 r
58606.372335 13.668 0.014 r
58633.426881 13.667 0.012 r
58427.111689 13.653 0.01 r
58388.22903 13.672 0.014 r
58642.446115 13.654 0.007 r
58586.495765 13.654 0.011 r
58588.448846 13.67 0.011 r
58641.464078 13.655 0.006 r
58628.483068 13.658 0.017 r
58658.328586 13.661 0.01 r
58658.34214 13.648 0.009 r
58658.332197 13.638 0.008 r
58658.340346 13.652 0.009 r
58658.33854 13.661 0.011 r
58658.32994 13.661 0.006 r
58658.327232 13.658 0.008 r
58658.335369 13.647 0.006 r
58658.334015 13.656 0.007 r
58658.329489 13.648 0.006 r
58658.326781 13.656 0.009 r
58658.324512 13.661 0.01 r
58658.343506 13.654 0.009 r
58658.341237 13.645 0.008 r
58658.341689 13.653 0.008 r
58658.324963 13.658 0.01 r
58655.382442 13.662 0.011 r
58658.330392 13.651 0.01 r
58658.338077 13.651 0.008 r
58658.344409 13.668 0.01 r
58658.345312 13.665 0.008 r
58658.33582 13.663 0.007 r
58657.40479 13.658 0.009 r
58658.347117 13.655 0.007 r
58658.325415 13.661 0.009 r
58658.337175 13.654 0.009 r
58658.343957 13.668 0.01 r
58658.325866 13.659 0.009 r
58658.332649 13.655 0.007 r
58658.329038 13.657 0.008 r
58658.328135 13.661 0.009 r
58658.337626 13.649 0.008 r
58658.339895 13.644 0.009 r
58658.3331 13.65 0.008 r
58658.340786 13.652 0.007 r
58658.346214 13.641 0.008 r
58658.331746 13.649 0.008 r
58658.33898 13.649 0.009 r
58658.334918 13.652 0.008 r
58658.343043 13.647 0.007 r
58658.336723 13.652 0.009 r
58658.331295 13.646 0.007 r
58658.345763 13.655 0.009 r
58658.327683 13.662 0.008 r
58658.330843 13.667 0.009 r
58658.333563 13.649 0.007 r
58658.342592 13.643 0.009 r
58658.324061 13.652 0.008 r
58658.346666 13.651 0.009 r
58658.339443 13.652 0.009 r
58658.336272 13.645 0.009 r
58658.326329 13.652 0.01 r
58658.334466 13.656 0.008 r
58658.34486 13.644 0.009 r
58658.358403 13.65 0.008 r
58658.356145 13.648 0.007 r
58658.355243 13.647 0.007 r
58658.366979 13.651 0.007 r
58658.347569 13.642 0.009 r
58658.359305 13.654 0.011 r
58658.363819 13.646 0.008 r
58658.354791 13.651 0.008 r
58658.365625 13.65 0.009 r
58658.362917 13.656 0.008 r
58658.351631 13.656 0.008 r
58658.365174 13.648 0.009 r
58658.357048 13.651 0.007 r
58658.369688 13.662 0.009 r
58658.371493 13.655 0.009 r
58658.366528 13.642 0.007 r
58658.370139 13.659 0.009 r
58658.371042 13.659 0.009 r
58658.349826 13.661 0.007 r
58658.368334 13.649 0.008 r
58658.349374 13.665 0.008 r
58658.357951 13.653 0.007 r
58658.362465 13.661 0.009 r
58658.368785 13.641 0.009 r
58658.362014 13.648 0.008 r
58658.359757 13.657 0.009 r
58658.34802 13.651 0.008 r
58658.369236 13.657 0.007 r
58658.36066 13.66 0.009 r
58658.370591 13.652 0.009 r
58658.364722 13.66 0.007 r
58658.361111 13.656 0.008 r
58658.352986 13.65 0.008 r
58658.353888 13.648 0.007 r
58658.35434 13.654 0.009 r
58658.366077 13.648 0.009 r
58658.35118 13.651 0.01 r
58658.356597 13.644 0.007 r
58658.355694 13.649 0.007 r
58658.367882 13.656 0.008 r
58658.348923 13.652 0.011 r
58658.358854 13.668 0.008 r
58658.352083 13.651 0.008 r
58658.361562 13.647 0.007 r
58658.3575 13.652 0.006 r
58658.348471 13.649 0.008 r
58658.364271 13.642 0.008 r
58658.367431 13.648 0.007 r
58658.352534 13.652 0.007 r
58658.360208 13.649 0.009 r
58658.350728 13.65 0.009 r
58658.353437 13.653 0.008 r
58658.350277 13.648 0.01 r
58658.363368 13.651 0.007 r
58675.285296 13.642 0.011 r
58658.378265 13.653 0.007 r
58658.379619 13.664 0.007 r
58684.259328 13.658 0.01 r
58658.374202 13.656 0.008 r
58693.350971 13.661 0.01 r
58685.362056 13.654 0.009 r
58670.399355 13.66 0.009 r
58668.345415 13.653 0.006 r
58658.376459 13.655 0.007 r
58697.324074 13.631 0.01 r
58688.381105 13.672 0.011 r
58677.289014 13.668 0.014 r
58663.354094 13.652 0.007 r
58658.377362 13.655 0.008 r
58666.349136 13.638 0.008 r
58697.356412 13.659 0.01 r
58658.372848 13.665 0.008 r
58658.377813 13.642 0.009 r
58683.269242 13.652 0.01 r
58676.283052 13.666 0.011 r
58658.380522 13.662 0.009 r
58682.384528 13.659 0.012 r
58658.389133 13.655 0.008 r
58690.346544 13.669 0.009 r
58658.37691 13.662 0.009 r
58667.315151 13.659 0.008 r
58678.468754 13.653 0.01 r
58658.380973 13.661 0.009 r
58658.376008 13.651 0.009 r
58674.309103 13.656 0.009 r
58658.375105 13.656 0.007 r
58658.38007 13.658 0.009 r
58658.373751 13.657 0.009 r
58696.303386 13.657 0.01 r
58669.408712 13.666 0.007 r
58694.347252 13.704 0.007 r
58658.378716 13.659 0.008 r
58662.330238 13.667 0.008 r
58658.374653 13.652 0.009 r
58658.372396 13.654 0.008 r
58658.379167 13.649 0.008 r
58661.342008 13.667 0.01 r
58683.240363 13.681 0.013 r
58691.364333 13.662 0.008 r
58658.375556 13.651 0.008 r
58697.348137 13.649 0.009 r
58658.371945 13.657 0.008 r
58679.482977 13.672 0.011 r
58665.429211 13.658 0.009 r
58680.327854 13.661 0.01 r
58658.373299 13.678 0.009 r
58718.280556 13.658 0.007 r
58719.341833 13.669 0.01 r
58706.220756 13.645 0.012 r
58700.352704 13.633 0.01 r
58716.280359 13.659 0.008 r
58716.342639 13.639 0.009 r
58711.340461 13.662 0.011 r
58708.364586 13.654 0.01 r
58706.363731 13.68 0.014 r
58701.344093 13.652 0.01 r
58704.352803 13.655 0.011 r
58705.366503 13.661 0.009 r
58708.219181 13.659 0.01 r
58717.259301 13.663 0.011 r
58700.302622 13.664 0.009 r
58713.344419 13.664 0.011 r
58718.342361 13.666 0.011 r
58710.175749 13.662 0.013 r
58719.259507 13.657 0.009 r
58720.280251 13.658 0.01 r
58710.344337 13.662 0.01 r
58720.350875 13.637 0.011 r
58722.259386 13.646 0.01 r
58714.175702 13.661 0.013 r
58719.350397 13.652 0.008 r
58715.341277 13.648 0.01 r
58701.352334 13.659 0.008 r
58711.175542 13.66 0.01 r
58709.218872 13.621 0.013 r
58708.372711 13.668 0.012 r
58699.343038 13.673 0.009 r
58721.259455 13.727 0.014 r
58707.375855 13.659 0.011 r
58704.344597 13.663 0.009 r
58704.30161 13.646 0.009 r
58718.350949 13.653 0.009 r
58703.34453 13.642 0.009 r
58705.374628 13.66 0.009 r
58703.352748 13.656 0.009 r
58705.218018 13.672 0.012 r
58699.306035 13.665 0.009 r
58717.341048 13.658 0.007 r
58707.21766 13.674 0.013 r
58699.351325 13.643 0.01 r
58712.344512 13.645 0.012 r
58700.344463 13.663 0.011 r
58709.373594 13.659 0.013 r
58703.306833 13.648 0.008 r
58715.259495 13.646 0.012 r
58706.371868 13.659 0.013 r
58701.305979 13.651 0.011 r
58720.342334 13.646 0.012 r
58707.367742 13.658 0.011 r
58709.365481 13.661 0.016 r
58944.515925 13.664 0.013 r
58726.259172 13.661 0.009 r
58737.35013 13.656 0.011 r
58735.350066 13.665 0.012 r
58724.284234 13.645 0.011 r
58733.343481 13.68 0.017 r
58781.09762 13.668 0.01 r
58733.351433 13.656 0.011 r
58737.34233 13.662 0.01 r
58734.350322 13.664 0.01 r
58801.080229 13.668 0.011 r
58727.342094 13.653 0.008 r
58791.085534 13.661 0.014 r
58723.350346 13.658 0.008 r
58788.103765 13.652 0.01 r
58725.351419 13.652 0.008 r
58785.094912 13.66 0.014 r
58732.35164 13.67 0.01 r
58771.097937 13.661 0.011 r
58724.343701 13.661 0.009 r
58775.207222 13.64 0.009 r
58814.132129 13.653 0.008 r
58791.083914 13.668 0.013 r
58732.343295 13.66 0.009 r
58722.342094 13.648 0.011 r
58723.341862 13.652 0.013 r
58745.34168 13.659 0.018 r
58724.35215 13.672 0.011 r
58754.14794 13.646 0.009 r
58736.350816 13.659 0.011 r
58735.341756 13.667 0.013 r
58735.257904 13.665 0.01 r
58733.25794 13.659 0.009 r
58728.246847 13.673 0.01 r
58725.258133 13.65 0.008 r
58725.342981 13.669 0.016 r
58749.269108 13.672 0.015 r
58797.091066 13.68 0.016 r
58797.078624 13.68 0.019 r
58734.341988 13.663 0.011 r
58723.284166 13.649 0.01 r
58734.259236 13.644 0.01 r
58793.080419 13.665 0.017 r
58730.343313 13.71 0.017 r
58727.350497 13.666 0.008 r
58730.259472 13.694 0.011 r
58736.268075 13.666 0.011 r
58726.342156 13.66 0.008 r
58758.282342 13.663 0.011 r
58727.283993 13.648 0.013 r
58736.343015 13.642 0.013 r
58726.350571 13.663 0.01 r
58722.350589 13.642 0.013 r
58837.091102 13.68 0.015 r
58732.258355 13.638 0.012 r
58730.351681 13.688 0.01 r
58737.283118 13.66 0.009 r
58975.453874 13.667 0.012 r
58977.46135 13.659 0.013 r
58997.448951 13.649 0.008 r
58978.465834 13.67 0.013 r
58979.469358 13.654 0.014 r
58980.492652 13.662 0.014 r
58966.471108 13.648 0.011 r
58987.37053 13.663 0.011 r
59016.480212 13.659 0.008 r
58983.383055 13.68 0.014 r
59037.442463 13.646 0.013 r
58972.43012 13.663 0.011 r
58985.463916 13.685 0.014 r
59025.384512 13.665 0.005 r
59041.284969 13.704 0.01 r
59025.38545 13.673 0.007 r
59039.266109 13.651 0.011 r
59013.373479 13.649 0.007 r
58991.455452 13.646 0.012 r
59020.480551 13.668 0.011 r
59035.356777 13.662 0.013 r
58955.443333 13.665 0.014 r
58977.492984 13.665 0.012 r
59038.344222 13.653 0.01 r
58974.364269 13.665 0.015 r
58978.464897 13.674 0.014 r
58995.479662 13.668 0.011 r
59028.467818 13.668 0.009 r
59034.37713 13.656 0.013 r
59013.452801 13.656 0.009 r
58979.491975 13.645 0.017 r
59010.351017 13.648 0.009 r
59027.398127 13.668 0.008 r
59004.311509 13.666 0.011 r
58995.448931 13.664 0.009 r
59011.346027 13.651 0.013 r
59040.293162 13.643 0.012 r
58991.454515 13.645 0.012 r
59031.456264 13.678 0.007 r
58975.452936 13.657 0.011 r
59013.374405 13.662 0.009 r
59015.350162 13.668 0.008 r
58985.476405 13.653 0.011 r
59043.283847 13.644 0.007 r
58976.362276 13.681 0.016 r
58985.464854 13.666 0.014 r
58986.487338 13.651 0.014 r
59009.394075 13.661 0.012 r
59001.448131 13.642 0.01 r
59031.457201 13.665 0.011 r
59037.372495 13.647 0.012 r
59033.375097 13.652 0.011 r
59005.484518 13.692 0.013 r
59019.393434 13.676 0.008 r
58999.446192 13.659 0.008 r
58997.448013 13.654 0.006 r
59019.372357 13.653 0.009 r
58980.479214 13.67 0.015 r
59081.199324 13.651 0.012 r
59068.353062 13.655 0.012 r
59064.364752 13.667 0.01 r
59063.3113 13.669 0.011 r
59069.22807 13.639 0.013 r
59068.371014 13.669 0.012 r
59052.394839 13.668 0.008 r
59065.382833 13.659 0.01 r
59076.377538 13.665 0.011 r
59087.300238 13.664 0.011 r
59071.322588 13.664 0.013 r
59046.385952 13.668 0.011 r
59063.295165 13.668 0.01 r
59065.339453 13.652 0.014 r
59079.302374 13.696 0.014 r
59075.301598 13.665 0.011 r
59065.34039 13.662 0.014 r
59077.256982 13.698 0.014 r
59061.232436 13.657 0.013 r
59069.459114 13.65 0.014 r
59062.299861 13.665 0.012 r
59078.325246 13.665 0.009 r
59071.211743 13.671 0.009 r
59045.357782 13.671 0.013 r
59084.284467 13.675 0.013 r
59087.299301 13.656 0.013 r
59067.299603 13.661 0.013 r
59052.365244 13.659 0.012 r
59061.425772 13.651 0.008 r
59051.374963 13.661 0.011 r
59080.354986 13.663 0.011 r
59054.333672 13.661 0.011 r
59060.272292 13.689 0.014 r
59055.351242 13.654 0.01 r
59085.219078 13.644 0.007 r
59073.305886 13.646 0.013 r
59043.284785 13.649 0.007 r
59071.376906 13.661 0.011 r
59059.373051 13.655 0.009 r
59046.43534 13.669 0.01 r
59051.360125 13.654 0.011 r
59059.372113 13.66 0.009 r
59077.255929 13.72 0.018 r
59080.312672 13.662 0.012 r
59056.377087 13.675 0.015 r
59057.339596 13.66 0.011 r
59047.407176 13.645 0.009 r
59255.549974 13.677 0.018 r
59139.238176 13.666 0.016 r
59255.553041 13.663 0.016 r
59114.294318 13.657 0.011 r
59116.330987 13.669 0.013 r
59256.547702 13.694 0.016 r
59255.546895 13.683 0.018 r
59121.208088 13.671 0.011 r
59256.544635 13.693 0.02 r
59125.268691 13.675 0.013 r
59145.159675 13.661 0.012 r
59121.192556 13.69 0.019 r
59255.556108 13.672 0.018 r
59167.098565 13.665 0.011 r
59118.219765 13.669 0.012 r
59137.184957 13.657 0.014 r
59120.197448 13.675 0.012 r
59255.559164 13.712 0.018 r
59178.100539 13.652 0.012 r
59188.096497 13.677 0.011 r
59117.145445 13.658 0.015 r
59118.27577 13.658 0.011 r
59164.113237 13.666 0.01 r
59119.183197 13.665 0.011 r
59204.136614 13.664 0.01 r
59124.265566 13.654 0.012 r
59194.111586 13.662 0.012 r
59186.10339 13.66 0.01 r
59182.103456 13.674 0.01 r
59116.207971 13.649 0.014 r
59256.55077 13.687 0.017 r
59192.112874 13.664 0.007 r
59143.139481 13.655 0.015 r
59173.096695 13.652 0.014 r
59156.185145 13.671 0.009 r
59129.206394 13.657 0.013 r
59169.13753 13.675 0.011 r
59115.284269 13.661 0.013 r
59152.1872 13.649 0.015 r
59199.119539 13.667 0.011 r
59158.118471 13.661 0.011 r
59175.112815 13.655 0.017 r
59171.099371 13.664 0.015 r
59150.206929 13.66 0.013 r
59184.10348 13.674 0.018 r
59263.550781 13.668 0.008 r
59268.542652 13.693 0.013 r
59400.425702 13.66 0.012 r
59394.438948 13.677 0.011 r
59265.53613 13.684 0.01 r
59322.484321 13.679 0.011 r
59319.473226 13.675 0.012 r
59256.553837 13.668 0.016 r
59262.53919 13.684 0.008 r
59262.545267 13.687 0.015 r
59264.550405 13.671 0.016 r
59305.464302 13.671 0.013 r
59342.45163 13.657 0.011 r
59359.423663 13.682 0.013 r
59344.423479 13.679 0.013 r
59264.547431 13.688 0.019 r
59353.458681 13.678 0.009 r
59263.547783 13.69 0.008 r
59382.36647 13.665 0.01 r
59349.4483 13.682 0.01 r
59316.491141 13.673 0.014 r
59265.548005 13.676 0.013 r
59392.386086 13.667 0.013 r
59397.372089 13.675 0.009 r
59362.449603 13.68 0.014 r
59262.542234 13.684 0.012 r
59369.437806 13.663 0.01 r
59344.424417 13.658 0.012 r
59295.507848 13.685 0.013 r
59258.54704 13.684 0.01 r
59346.426476 13.672 0.013 r
59264.538472 13.684 0.017 r
59265.539093 13.678 0.011 r
59348.427795 13.662 0.011 r
59371.448156 13.656 0.006 r
59385.386653 13.662 0.008 r
59265.545031 13.666 0.012 r
59262.548322 13.675 0.014 r
59310.494892 13.658 0.009 r
59264.541447 13.68 0.014 r
59264.544445 13.684 0.016 r
59268.548497 13.694 0.013 r
59376.431628 13.673 0.01 r
59329.449601 13.671 0.011 r
59356.415083 13.681 0.009 r
59402.389462 13.678 0.011 r
59367.402394 13.671 0.011 r
59262.551355 13.688 0.014 r
59341.449322 13.667 0.011 r
59256.556892 13.665 0.02 r
59325.477376 13.684 0.007 r
59263.553767 13.664 0.01 r
59313.451571 13.677 0.015 r
59265.542056 13.684 0.014 r
59268.536818 13.686 0.016 r
59364.450941 13.661 0.013 r
59378.391229 13.671 0.013 r
59337.46685 13.669 0.01 r
59300.468026 13.678 0.01 r
59404.434321 13.676 0.013 r
59268.54558 13.677 0.013 r
59271.54769 13.693 0.017 r
59268.539735 13.69 0.014 r
59339.467288 13.665 0.014 r
59335.466518 13.669 0.013 r
59263.544809 13.658 0.007 r
59258.544031 13.699 0.011 r
59308.483172 13.679 0.015 r
59406.346244 13.7 0.008 r
59424.231652 13.685 0.01 r
59408.329104 13.737 0.013 r
59410.386615 13.645 0.008 r
59418.262572 13.711 0.018 r
59422.394358 13.665 0.011 r
59415.386998 13.671 0.011 r
58443.077419 13.662 0.009 r
58298.432626 13.663 0.014 r
58300.406488 13.66 0.013 r
58769.103565 13.641 0.014 r
58768.206622 13.665 0.009 r
58354.309699 13.663 0.01 r
58359.33461 13.655 0.009 r
58977.493921 13.665 0.008 r
58295.351751 13.652 0.012 r
58285.370255 13.661 0.007 r
58740.274851 13.655 0.01 r
58295.352214 13.643 0.013 r
58285.369803 13.665 0.006 r
58357.316221 13.655 0.009 r
58757.25034 13.669 0.006 r
58768.206171 13.659 0.009 r
58257.483538 13.646 0.011 r
58676.273041 13.661 0.011 r
58686.369687 13.654 0.009 r
58353.33598 13.669 0.009 r
58985.474496 13.653 0.009 r
58358.29232 13.647 0.01 r
58328.385836 13.657 0.01 r
58244.494812 13.664 0.013 r
58676.273492 13.672 0.009 r
58985.474958 13.652 0.009 r
58977.493458 13.668 0.01 r
58298.432163 13.657 0.011 r
58328.385373 13.67 0.011 r
58652.440215 13.658 0.01 r
58244.494361 13.656 0.011 r
58336.355379 13.662 0.005 r
58300.406037 13.658 0.011 r
58685.416282 13.636 0.009 r
58338.356348 13.662 0.006 r
58310.418202 13.722 0.011 r
58685.41583 13.645 0.008 r
58980.491252 13.664 0.011 r
58980.491715 13.66 0.012 r
58332.356912 13.666 0.01 r
58593.392053 13.642 0.01 r
58356.346162 13.662 0.009 r
58686.370127 13.684 0.008 r
58348.208595 13.651 0.01 r
58360.327293 13.64 0.008 r
58791.082097 13.654 0.013 r
58336.354916 13.661 0.007 r
58769.103114 13.626 0.012 r
58332.357363 13.66 0.012 r
58257.48399 13.662 0.009 r
58791.082548 13.679 0.011 r
58331.399119 13.686 0.021 r
58338.357262 13.647 0.01 r
58787.081375 13.666 0.01 r
58768.207525 13.659 0.009 r
58298.434929 13.651 0.013 r
58386.272825 13.662 0.012 r
58354.311088 13.683 0.013 r
58336.369453 13.659 0.009 r
58425.084294 13.636 0.01 r
58358.284068 13.662 0.011 r
58332.369886 13.701 0.015 r
58593.374054 13.667 0.016 r
58336.369904 13.664 0.009 r
58693.374595 13.647 0.009 r
58443.076956 13.637 0.011 r
58295.35637 13.662 0.011 r
58359.375917 13.673 0.011 r
58793.081797 13.665 0.012 r
58362.367145 13.662 0.008 r
58353.310864 13.656 0.014 r
58298.435392 13.667 0.014 r
58357.316684 13.658 0.009 r
58693.375046 13.657 0.01 r
58356.316752 13.662 0.013 r
58685.415367 13.656 0.008 r
58787.081827 13.658 0.008 r
58361.329187 13.655 0.009 r
58676.273943 13.666 0.011 r
58332.370338 13.675 0.016 r
60125.438102 13.648 0.007 r
60205.208565 13.65 0.013 r
60054.462285 13.657 0.013 r
60032.448815 13.661 0.012 r
60156.354414 13.686 0.012 r
60092.393699 13.654 0.01 r
60203.21893 13.666 0.008 r
60081.40339 13.647 0.007 r
60085.457211 13.662 0.009 r
60193.295107 13.668 0.015 r
60183.343603 13.653 0.011 r
60172.199701 13.703 0.015 r
60139.370708 13.657 0.013 r
60195.286104 13.657 0.011 r
60072.46162 13.657 0.013 r
60123.426678 13.665 0.013 r
60087.406501 13.659 0.013 r
60111.458823 13.668 0.013 r
60121.308579 13.664 0.015 r
60160.283179 13.656 0.011 r
60201.186932 13.669 0.013 r
60117.411105 13.654 0.01 r
60133.379909 13.648 0.008 r
60114.390925 13.662 0.011 r
60056.477437 13.634 0.013 r
60089.451826 13.663 0.008 r
60029.474464 13.659 0.01 r
60141.290146 13.645 0.014 r
60146.329441 13.663 0.008 r
60078.44892 13.673 0.017 r
60016.507011 13.663 0.011 r
60127.289944 13.661 0.014 r
60058.451673 13.651 0.011 r
60042.464315 13.659 0.013 r
60098.393626 13.652 0.012 r
60144.320379 13.653 0.008 r
60044.432125 13.652 0.016 r
60104.385334 13.674 0.018 r
60065.425533 13.654 0.011 r
60111.458349 13.648 0.013 r
60119.35596 13.65 0.011 r
60185.239494 13.662 0.013 r
60166.288762 13.675 0.011 r
60152.250143 13.649 0.016 r
60181.380706 13.65 0.012 r
60101.409142 13.665 0.014 r
60076.450911 13.654 0.017 r
60083.457837 13.644 0.011 r
60224.225726 13.657 0.013 r
60245.204582 13.651 0.011 r
60242.206626 13.668 0.011 r
60214.200799 13.662 0.014 r
60237.165833 13.681 0.017 r
60222.153604 13.66 0.015 r
60231.158019 13.646 0.014 r
60239.118822 13.662 0.014 r
60212.17757 13.653 0.018 r
60247.147727 13.659 0.009 r
60209.26458 13.653 0.009 r
60233.157482 13.659 0.014 r
60216.153888 13.653 0.013 r
60235.13817 13.653 0.012 r
